An
[[ 0.  7.  4.  5.  6.  3. 11.  8.  8.  2.  7.  6.  9.]
 [ 7.  0.  3.  8. 13.  7. 11.  1. 12.  9.  1.  4.  7.]
 [ 4.  3.  0.  9. 10.  7. 13.  4. 12.  6.  3.  6.  9.]
 [ 5.  8.  9.  0.  6.  8. 12.  7.  4.  3.  9. 11. 14.]
 [ 6. 13. 10.  6.  0.  9.  6. 13.  2.  8. 13. 12. 10.]
 [ 3.  7.  7.  8.  9.  0.  8.  8. 11.  5.  6.  3.  6.]
 [11. 11. 13. 12.  6.  8.  0. 12.  8. 13. 10.  7.  4.]
 [ 8.  1.  4.  7. 13.  8. 12.  0. 11. 10.  2.  5.  8.]
 [ 8. 12. 12.  4.  2. 11.  8. 11.  0.  7. 13. 14. 12.]
 [ 2.  9.  6.  3.  8.  5. 13. 10.  7.  0.  9.  8. 11.]
 [ 7.  1.  3.  9. 13.  6. 10.  2. 13.  9.  0.  3.  6.]
 [ 6.  4.  6. 11. 12.  3.  7.  5. 14.  8.  3.  0.  3.]
 [ 9.  7.  9. 14. 10.  6.  4.  8. 12. 11.  6.  3.  0.]]

At
[[ 0.  7.  4.  7.  8.  5. 15.  8.  9.  2.  7.  8. 12.]
 [ 7.  0.  3. 12. 15.  9. 18.  1. 16.  7.  1.  6. 10.]
 [ 4.  3.  0.  9. 12.  9. 19.  4. 13.  4.  3.  8. 12.]
 [ 7. 12.  9.  0. 10. 12. 19. 12.  9.  5. 12. 15. 19.]
 [ 8. 15. 12. 10.  0. 13.  9. 16.  1. 10. 15. 16. 17.]
 [ 5.  9.  9. 12. 13.  0. 10. 10. 14.  7.  8.  3.  7.]
 [15. 18. 19. 19.  9. 10.  0. 19. 10. 17. 17. 12.  8.]
 [ 8.  1.  4. 12. 16. 10. 19.  0. 17.  8.  2.  7. 11.]
 [ 9. 16. 13.  9.  1. 14. 10. 17.  0. 11. 16. 17. 18.]
 [ 2.  7.  4.  5. 10.  7. 17.  8. 11.  0.  7. 10. 14.]
 [ 7.  1.  3. 12. 15.  8. 17.  2. 16.  7.  0.  5.  9.]
 [ 8.  6.  8. 15. 16.  3. 12.  7. 17. 10.  5.  0.  4.]
 [12. 10. 12. 19. 17.  7.  8. 11. 18. 14.  9.  4.  0.]]

Di
[[ 0.  3.  1.  6.  6.  5. 12.  4.  7.  3.  4.  6.  9.]
 [ 3.  0.  2.  6.  9.  6. 15.  1. 10.  6.  1.  3.  6.]
 [ 1.  2.  0.  7.  7.  6. 13.  3.  8.  4.  3.  5.  8.]
 [ 6.  6.  7.  0. 11. 11. 17.  5. 10.  3.  7.  9. 12.]
 [ 6.  9.  7. 11.  0. 11.  6. 10.  1.  9. 10. 12. 15.]
 [ 5.  6.  6. 11. 11.  0. 11.  7. 12.  8.  5.  3.  6.]
 [12. 15. 13. 17.  6. 11.  0. 16.  7. 15. 15. 13. 10.]
 [ 4.  1.  3.  5. 10.  7. 16.  0. 11.  7.  2.  4.  7.]
 [ 7. 10.  8. 10.  1. 12.  7. 11.  0. 10. 11. 13. 16.]
 [ 3.  6.  4.  3.  9.  8. 15.  7. 10.  0.  7.  9. 12.]
 [ 4.  1.  3.  7. 10.  5. 15.  2. 11.  7.  0.  2.  5.]
 [ 6.  3.  5.  9. 12.  3. 13.  4. 13.  9.  2.  0.  3.]
 [ 9.  6.  8. 12. 15.  6. 10.  7. 16. 12.  5.  3.  0.]]

Fe
[[ 0.  6.  3. 11.  4.  2.  9.  7.  6.  6.  7.  5. 13.]
 [ 6.  0.  3. 13. 10.  8. 15.  1. 12.  8.  1.  6. 14.]
 [ 3.  3.  0. 10.  7.  5. 12.  4.  9.  5.  4.  8. 16.]
 [11. 13. 10.  0.  9. 13. 20. 12.  7.  5. 14. 16. 24.]
 [ 4. 10.  7.  9.  0.  6. 11. 11.  2. 10. 11.  9. 17.]
 [ 2.  8.  5. 13.  6.  0.  7.  9.  8.  8.  8.  3. 11.]
 [ 9. 15. 12. 20. 11.  7.  0. 16. 13. 15. 15. 10. 10.]
 [ 7.  1.  4. 12. 11.  9. 16.  0. 13.  9.  2.  7. 15.]
 [ 6. 12.  9.  7.  2.  8. 13. 13.  0. 12. 13. 11. 19.]
 [ 6.  8.  5.  5. 10.  8. 15.  9. 12.  0.  9. 11. 19.]
 [ 7.  1.  4. 14. 11.  8. 15.  2. 13.  9.  0.  5. 13.]
 [ 5.  6.  8. 16.  9.  3. 10.  7. 11. 11.  5.  0.  8.]
 [13. 14. 16. 24. 17. 11. 10. 15. 19. 19. 13.  8.  0.]]

Fi
[[ 0.  6.  2. 10.  5.  6. 10.  8.  6.  5.  7.  9. 16.]
 [ 6.  0.  4. 13. 11.  7. 11.  2. 12. 10.  1.  4. 11.]
 [ 2.  4.  0. 11.  7.  8. 12.  6.  8.  6.  5.  8. 15.]
 [10. 13. 11.  0. 12. 16. 20. 11. 11.  5. 14. 17. 24.]
 [ 5. 11.  7. 12.  0. 11. 10. 13.  1. 10. 12. 14. 16.]
 [ 6.  7.  8. 16. 11.  0.  4.  9. 12. 11.  6.  3. 10.]
 [10. 11. 12. 20. 10.  4.  0. 13. 11. 15. 10.  7.  6.]
 [ 8.  2.  6. 11. 13.  9. 13.  0. 14. 12.  3.  6. 13.]
 [ 6. 12.  8. 11.  1. 12. 11. 14.  0. 11. 13. 15. 17.]
 [ 5. 10.  6.  5. 10. 11. 15. 12. 11.  0. 11. 14. 21.]
 [ 7.  1.  5. 14. 12.  6. 10.  3. 13. 11.  0.  3. 10.]
 [ 9.  4.  8. 17. 14.  3.  7.  6. 15. 14.  3.  0.  7.]
 [16. 11. 15. 24. 16. 10.  6. 13. 17. 21. 10.  7.  0.]]

He
[[ 0.  9.  3.  8.  7.  6. 13. 11.  9.  5.  9.  7. 10.]
 [ 9.  0.  6. 10. 16.  4. 15.  2. 17. 13.  0.  3.  6.]
 [ 3.  6.  0. 11. 10.  9. 16.  8. 12.  8.  6.  9. 12.]
 [ 8. 10. 11.  0.  9. 14. 15.  8.  7.  3. 10. 13. 16.]
 [ 7. 16. 10.  9.  0. 13.  6. 17.  2. 12. 16. 14. 15.]
 [ 6.  4.  9. 14. 13.  0. 11.  6. 15. 11.  4.  1.  4.]
 [13. 15. 16. 15.  6. 11.  0. 17.  8. 18. 15. 12.  9.]
 [11.  2.  8.  8. 17.  6. 17.  0. 15. 11.  2.  5.  8.]
 [ 9. 17. 12.  7.  2. 15.  8. 15.  0. 10. 17. 16. 17.]
 [ 5. 13.  8.  3. 12. 11. 18. 11. 10.  0. 13. 12. 15.]
 [ 9.  0.  6. 10. 16.  4. 15.  2. 17. 13.  0.  3.  6.]
 [ 7.  3.  9. 13. 14.  1. 12.  5. 16. 12.  3.  0.  3.]
 [10.  6. 12. 16. 15.  4.  9.  8. 17. 15.  6.  3.  0.]]

Iu
[[ 0.  6.  2. 12.  5.  2.  8.  7.  7.  7.  5.  4.  8.]
 [ 6.  0.  4.  9. 11.  5. 11.  1. 13.  9.  1.  3.  7.]
 [ 2.  4.  0. 10.  7.  4. 10.  5.  9.  5.  3.  5.  9.]
 [12.  9. 10.  0. 10. 14. 19.  8.  8.  5. 10. 12. 16.]
 [ 5. 11.  7. 10.  0.  7.  9. 12.  2. 12. 10.  9. 13.]
 [ 2.  5.  4. 14.  7.  0.  6.  6.  9.  9.  4.  2.  6.]
 [ 8. 11. 10. 19.  9.  6.  0. 12. 11. 15. 10.  8.  4.]
 [ 7.  1.  5.  8. 12.  6. 12.  0. 14. 10.  2.  4.  8.]
 [ 7. 13.  9.  8.  2.  9. 11. 14.  0. 13. 12. 11. 15.]
 [ 7.  9.  5.  5. 12.  9. 15. 10. 13.  0.  8. 10. 14.]
 [ 5.  1.  3. 10. 10.  4. 10.  2. 12.  8.  0.  2.  6.]
 [ 4.  3.  5. 12.  9.  2.  8.  4. 11. 10.  2.  0.  4.]
 [ 8.  7.  9. 16. 13.  6.  4.  8. 15. 14.  6.  4.  0.]]

Ju
[[ 0.  8.  3. 11.  5.  4.  9. 10.  7.  7.  7.  6. 14.]
 [ 8.  0.  5.  7. 13.  6. 15.  2. 14. 10.  1.  4. 12.]
 [ 3.  5.  0.  9.  8.  7. 12.  7. 10.  5.  4.  7. 15.]
 [11.  7.  9.  0.  9. 13. 13.  5.  7.  4.  8. 11. 19.]
 [ 5. 13.  8.  9.  0.  9.  4. 14.  2. 12. 12. 11. 13.]
 [ 4.  6.  7. 13.  9.  0.  9.  8. 11. 11.  5.  2. 10.]
 [ 9. 15. 12. 13.  4.  9.  0. 17.  6. 16. 14. 11.  9.]
 [10.  2.  7.  5. 14.  8. 17.  0. 12.  9.  3.  6. 14.]
 [ 7. 14. 10.  7.  2. 11.  6. 12.  0. 11. 14. 13. 15.]
 [ 7. 10.  5.  4. 12. 11. 16.  9. 11.  0.  9. 12. 20.]
 [ 7.  1.  4.  8. 12.  5. 14.  3. 14.  9.  0.  3. 11.]
 [ 6.  4.  7. 11. 11.  2. 11.  6. 13. 12.  3.  0.  8.]
 [14. 12. 15. 19. 13. 10.  9. 14. 15. 20. 11.  8.  0.]]

Le
[[ 0.  9.  3.  9.  3.  6. 10. 11.  5.  6. 10.  8. 16.]
 [ 9.  0.  6. 12. 12.  5. 10.  2. 14.  9.  1.  3. 11.]
 [ 3.  6.  0.  6.  6.  9. 13.  8.  8.  3.  7.  9. 17.]
 [ 9. 12.  6.  0.  9. 15. 16. 12.  7.  3. 13. 15. 23.]
 [ 3. 12.  6.  9.  0.  9.  7. 14.  2.  9. 13. 11. 14.]
 [ 6.  5.  9. 15.  9.  0.  5.  7. 11. 12.  4.  2. 10.]
 [10. 10. 13. 16.  7.  5.  0. 12.  9. 16.  9.  7.  7.]
 [11.  2.  8. 12. 14.  7. 12.  0. 16. 11.  3.  5. 13.]
 [ 5. 14.  8.  7.  2. 11.  9. 16.  0. 10. 15. 13. 16.]
 [ 6.  9.  3.  3.  9. 12. 16. 11. 10.  0. 10. 12. 20.]
 [10.  1.  7. 13. 13.  4.  9.  3. 15. 10.  0.  2. 10.]
 [ 8.  3.  9. 15. 11.  2.  7.  5. 13. 12.  2.  0.  8.]
 [16. 11. 17. 23. 14. 10.  7. 13. 16. 20. 10.  8.  0.]]

Ma
[[ 0.  9.  4. 12.  8.  4. 13. 11. 10.  5.  9.  7. 12.]
 [ 9.  0.  5. 13. 17.  8. 17.  2. 19. 12.  0.  5. 10.]
 [ 4.  5.  0. 14. 12.  8. 17.  7. 14.  7.  5. 10. 15.]
 [12. 13. 14.  0. 11. 16. 16. 11.  9.  7. 13. 18. 23.]
 [ 8. 17. 12. 11.  0. 12.  5. 19.  2. 13. 17. 15. 12.]
 [ 4.  8.  8. 16. 12.  0.  9. 10. 14.  9.  8.  3.  8.]
 [13. 17. 17. 16.  5.  9.  0. 19.  7. 18. 17. 12.  7.]
 [11.  2.  7. 11. 19. 10. 19.  0. 20. 14.  2.  7. 12.]
 [10. 19. 14.  9.  2. 14.  7. 20.  0. 15. 19. 17. 14.]
 [ 5. 12.  7.  7. 13.  9. 18. 14. 15.  0. 12. 12. 17.]
 [ 9.  0.  5. 13. 17.  8. 17.  2. 19. 12.  0.  5. 10.]
 [ 7.  5. 10. 18. 15.  3. 12.  7. 17. 12.  5.  0.  5.]
 [12. 10. 15. 23. 12.  8.  7. 12. 14. 17. 10.  5.  0.]]

Ro
[[ 0.  4.  2. 10.  5.  3. 10.  6.  6.  6.  4.  5.  9.]
 [ 4.  0.  2. 12.  9.  4. 10.  2. 10.  9.  0.  2.  6.]
 [ 2.  2.  0. 11.  7.  5. 12.  4.  8.  7.  2.  4.  8.]
 [10. 12. 11.  0. 10. 13. 20. 10.  9.  4. 12. 14. 18.]
 [ 5.  9.  7. 10.  0.  8. 11. 11.  1. 11.  9. 10. 14.]
 [ 3.  4.  5. 13.  8.  0.  7.  6.  9.  9.  4.  2.  6.]
 [10. 10. 12. 20. 11.  7.  0. 12. 12. 16. 10.  8.  4.]
 [ 6.  2.  4. 10. 11.  6. 12.  0. 12. 11.  2.  4.  8.]
 [ 6. 10.  8.  9.  1.  9. 12. 12.  0. 12. 10. 11. 15.]
 [ 6.  9.  7.  4. 11.  9. 16. 11. 12.  0.  9. 11. 15.]
 [ 4.  0.  2. 12.  9.  4. 10.  2. 10.  9.  0.  2.  6.]
 [ 5.  2.  4. 14. 10.  2.  8.  4. 11. 11.  2.  0.  4.]
 [ 9.  6.  8. 18. 14.  6.  4.  8. 15. 15.  6.  4.  0.]]

Ti
[[ 0.  9.  4.  9.  8.  3. 11. 11.  9.  6.  8.  5.  9.]
 [ 9.  0.  5. 12. 17.  6. 14.  2. 18. 12.  1.  4.  8.]
 [ 4.  5.  0. 10. 12.  7. 15.  7. 13.  7.  5.  8. 12.]
 [ 9. 12. 10.  0. 10. 12. 15. 10.  9.  3. 13. 14. 18.]
 [ 8. 17. 12. 10.  0. 11.  5. 19.  1. 13. 16. 13. 14.]
 [ 3.  6.  7. 12. 11.  0.  8.  8. 12.  9.  5.  2.  6.]
 [11. 14. 15. 15.  5.  8.  0. 16.  6. 17. 13. 10.  9.]
 [11.  2.  7. 10. 19.  8. 16.  0. 19. 13.  3.  6. 10.]
 [ 9. 18. 13.  9.  1. 12.  6. 19.  0. 12. 17. 14. 15.]
 [ 6. 12.  7.  3. 13.  9. 17. 13. 12.  0. 12. 11. 15.]
 [ 8.  1.  5. 13. 16.  5. 13.  3. 17. 12.  0.  3.  7.]
 [ 5.  4.  8. 14. 13.  2. 10.  6. 14. 11.  3.  0.  4.]
 [ 9.  8. 12. 18. 14.  6.  9. 10. 15. 15.  7.  4.  0.]]

Vi
[[ 0.  8.  2. 11.  6.  6. 12. 10.  7.  6.  8.  9. 17.]
 [ 8.  0.  6. 12. 14.  7. 13.  2. 15. 13.  0.  4. 12.]
 [ 2.  6.  0. 12.  8.  8. 14.  8.  9.  7.  6. 10. 18.]
 [11. 12. 12.  0. 13. 17. 21. 10. 12.  5. 12. 16. 24.]
 [ 6. 14.  8. 13.  0. 12.  8. 16.  1. 12. 14. 15. 18.]
 [ 6.  7.  8. 17. 12.  0.  6.  9. 13. 12.  7.  3. 11.]
 [12. 13. 14. 21.  8.  6.  0. 15.  9. 18. 13.  9. 10.]
 [10.  2.  8. 10. 16.  9. 15.  0. 17. 15.  2.  6. 14.]
 [ 7. 15.  9. 12.  1. 13.  9. 17.  0. 13. 15. 16. 19.]
 [ 6. 13.  7.  5. 12. 12. 18. 15. 13.  0. 13. 15. 23.]
 [ 8.  0.  6. 12. 14.  7. 13.  2. 15. 13.  0.  4. 12.]
 [ 9.  4. 10. 16. 15.  3.  9.  6. 16. 15.  4.  0.  8.]
 [17. 12. 18. 24. 18. 11. 10. 14. 19. 23. 12.  8.  0.]]

